0
233163
512974
824156
1145558
1515457
1747271
2228154
2564073
2862548
3132643
3579620
3860264
4027406
4710586
5086272
5337330
5732112
6046032
6222188
6882888
6830562
7784981
7920949
8183944
8798275
8861735
9532128
9845122
10024185
10503294
10836067
11509758
10963457
12369207
11862553
12083947
13395180
13457800
13969772
13968935
14278069
15331920
15091515
15876157
16438125
17891192
16617735
18154164
17380862
18277719
18452582
18434282
20119858
19225371
19458835
20706736
20653193
21662715
21432007
22443430
22513943
23064731
22944751
24510165
25072416
24047910
24952242
25271205
25724418
26843042
26287688
27107155
27143327
30145518
28692231
28605345
28855251
28889190
29029059
28823607
32313860
31069853
31999072
31708066
32353037
32786300
34583660
32198500
33442944
34583211
36295861
33997017
36527332
35157319
35889834
36004948
40817756
36969897
38481096
41657144
38571536
40171766
40103070
42209098
39126881
40245054
42311520
42176104
41416063
42827509
42027581
43227670
44056354
45564420
43708185
44403133
48270286
45805526
46820333
46665892
47121249
47894306
46610259
46579635
47502933
50520507
50796892
47835889
49280040
52531287
52893902
52538268
53732859
51516020
51605958
52713283
54513088
53215092
55756416
57031193
56315569
58718191
57856384
56994758
56312148
59172653
57740551
60606284
59005618
63691105
59458755
60530449
60640424
63944772
63100803
60451945
61200633
61866809
62756150
65342649
68834745
63836734
64508812
65412105
64418624
65859421
67473824
66418076
65873522
70561687
67635079
66487721
70211532
68436225
67269563
70230679
69639889
74623053
71699297
69184534
70356326
78372723
73706171
75844068
77236539
78718900
78189500
75487471
76623753
76407052
77463310
79890283
79935087
76849756
78427793
81198357
83195313
85344358
82824876
80339968
85741863
80034197
83344667
83248862
81890819
83021738
86922876
82958728
82712502
87470324
86424274
85706819
87552457
87605237
91469998
88733253
91128308
90215435
91084430
90265780
88498849
88670846
89805517
88720139
90660774
94237299
92524270
94531345
90957820
91942835
95767910
92598247
98303394
98791900
102400324
92611938
101164895
94435963
96198936
97365884
99036759
100390338
102412462
100877885
97440021
106151171
100604758
105903514
100915454
103595490
103361130
108705793
105087403
113017821
103242693
108721846
106428524
106097850
106889969
107523623
104546546
108719892
111471757
114877749
107671785
110573109
110670551
112007677
114189493
112458436
110755516
111053389
112757821
111842908
118480669
119754412
112492368
114073326
114577153
116369001
115113868
116334105
115926552
117694488
117604239
114571228
118341119
120298227
124848206
117611676
121214225
119425569
124643317
121073951
122724559
120464357
123489201
121046038
127877346
125903806
128453087
131896814
127206660
126141444
123406925
134289312
132303851
132606277
132921290
126967925
135753906
128879764
128096975
133946491
134914927
131446217
131746943
131449181
137423522
134448140
130854766
135262248
137231259
132494295
136272491
154951411
151469485
137098539
139197613
134315817
140781999
137203267
135048759
143146921
145194804
140868322
148574565
143811217
141780691
142672277
147979351
155614586
141585633
142479777
153982002
156726892
146723493
148938876
151506897
145501790
148337965
153034365
150054042
145986294
161920702
153367520
147534664
147794817
155754360
164702986
148427085
152472310
153133905
150100619
157729673
151463793
156565646
154080853
155101081
163611389
158239855
156559889
161138014
158141769
160561265
162015677
161185133
160350888
164687480
162866948
163006551
168647860
169591234
162776375
165429735
160612241
166848884
159216694
166596230
173674584
169247419
176273656
169319839
167825478
174653751
168991104
163430644
168664844
166605015
173630366
163418834
174372788
169510205
171511298
172074009
171414004
172639228
187191237
174769159
175068731
180947316
171408168
176130187
174720946
190605989
174321308
173724115
185308980
183348262
186156822
184107006
184010546
191301409
181939667
183988114
182159357
190024075
184156403
194727660
181602981
188250637
179266976
196869119
187422082
182227649
186052853
192960267
198702292
188334962
192298569
186746948
190020564
191563473
187058931
187434142
192179421
191199181
193323970
191506600
195156742
190990418
194908560
194732126
191502180
200703836
191467043
196923408
193015014
212784269
197177065
196871891
200748199
194119281
199266876
212551217
201244502
196636224
213418043
204456894
212435182
217868954
199007340
205921507
207188534
200952338
202100064
203262448
205178598
223468138
206877834
213555999
212059943
205663426
212804598
210496240
210364203
211548521
220018383
226660792
204563225
220836702
218259425
217018693
213554477
213254116
223224427
207602728
226609687
219375935
218589662
215614661
217712715
214244706
215757076
222868080
216115754
228857705
220924398
227565768
217898717
222811113
220174567
228912153
235912048
226271731
223518763
220715241
220493292
231285273
224738017
220633331
231307229
227996450
230130441
233293429
224641415
237177885
238522800
236006700
232795119
223110931
247593554
229663756
233517512
242372941
230862044
225855627
250269827
234033005
240300158
234157433
241925776
244879599
267568724
241845166
232878087
237151801
238508222
237297551
247475631
233125636
241161922
236842289
236239810
237787065
237271149
250629506
242016298
250805234
243408628
244961991
244266166
247935714
248667099
257871867
235376226
254615815
256514285
249510944
242652043
246355237
246829650
243176701
259285539
251295975
256798476
248904921
254508658
256391857
246066770
250033184
249631394
259145769
249750719
263051444
260437975
267117447
250730602
254416681
272002712
255004447
274327274
262973155
256879125
270976028
257495764
254766124
264626742
262183656
264743928
256125906
263754152
258461891
269454615
272069482
263995311
276802466
281011006
262697538
262653616
266642727
267002613
264794258
267084329
267759042
266572516
289142223
271830769
267138108
285842685
272154936
269137620
276924866
265439761
271711856
270203554
281294708
272886702
285694710
287572939
272065265
289338020
281880648
274406354
300497657
279687580
285435637
277325864
275085253
284292560
288509001
278729317
287155620
277981655
289637994
289872973
286643365
282307090
285585969
290778451
284207638
287364751
287656706
283662306
290410542
293410757
288934869
292753997
302427199
288743300
287166793
312961447
290960736
298752669
292577602
303864016
289815355
293750015
291056275
289728898
294519872
301828043
297607300
295609161
307582575
301932861
317628820
295596813
295049512
295936979
302597181
295644128
318988187
314223531
300448562
301449837
312611553
315311584
308310101
312165535
313530606
298296636
306827617
312481284
321044135
300170447
307458831
302993278
320904513
323230185
310166530
341841103
309254374
308760232
316454786
310419404
310471958
322092436
310566488
314079429
320206600
323622730
310948729
311653607
323580010
333547770
312777040
310963603
323883709
323145295
321972456
326523998
326230264
326424024
322728743
317253019
320763636
319656321
327816313
320920145
325234748
321449063
335510472
331057733
331043713
329321727
329027695
322201925
330165211
327072777
325445625
336021114
327409219
349643923
324586906
335471421
336924800
337796915
332830387
355474812
335130242
342143131
335530337
334326480
329434085
334444468
349951837
332697390
333312795
343778548
329977816
341012305
348931038
342158166
351673371
332563899
343929158
347048049
353365428
349556192
338740317
344425798
347884345
340139261
345563759
347047691
355848571
364983911
351536889
345171763
365133038
342320135
347259300
349115401
358637587
344538096
352093214
354625638
347686255
362119139
376591191
356544011
347776854
355858923
380186158
349746681
354251885
351674539
365491712
372931604
357101209
354764328
360232570
358643359
357885983
364682478
361739071
356046447
358787751
362055255
361453244
377287033
362380560
375949348
361457544
361357832
371603865
362821234
364571463
368477801
375099791
367926329
366441273
376952308
368727375
374973213
372882733
378039508
371751186
366679264
375618489
384979017
389424551
384511735
363531420
385192995
367859136
373285850
388698107
373718507
378479955
395208669
372897555
374536284
372904984
392697217
381049703
375718954
387268977
394058132
383432329
380604310
389873777
383177839
374129530
379465502
388145010
391203840
375695990
382827741
395826791
387161939
385780888
404884891
426317117
385223501
378837431
391612833
395006101
399852310
384823760
390147944
382965553
391072681
396697251
402412248
405507512
386902623
408565345
396044044
413554194
383650053
417536855
389077513
400155482
396370666
400462371
409484844
391171983
410901293
405892688
390927252
426196675
416036069
394218859
400275959
400774727
405637386
409411906
406218501
410082692
401780417
402557070
411559104
439705748
431045342
413864424
406654922
417548792
403598847
420133186
433328617
409380250
409078443
409348054
400581281
409264198
423188678
407451037
412765768
426265320
408002914
406963212
421125963
419478908
420926096
407511239
408957613
433754510
415241961
423351584
410615345
412787410
408010867
408772977
408228704
407804858
423917363
419949131
430199071
422199661
421911849
467770603
430827083
423760610
423395346
428577606
435175907
418745095
444808118
423054663
443356702
441551817
432625345
430572102
431294508
455594548
434289572
439556744
424548352
427205088
439502727
425813759
432518281
436382577
455103106
425107333
442821682
434515688
476604555
450133102
440823730
443377678
437271275
462190927
449606540
454254066
446794075
468138203
442842490
463923107
440748353
437957505
453462782
452443109
442888226
451865558
439874297
477951085
437402386
447071437
440146699
453490281
449919892
457574033
449285580
441472494
463488325
455813840
